        Frequency / GHz                S1,1 (18)/abs,dB
----------------------------------------------------------------------
                       1                    -0.026974672
                   1.006                       0.1253999
                   1.012                      0.26442521
                   1.018                      0.38703552
                   1.024                      0.49083469
                    1.03                      0.57401042
                   1.036                      0.63526404
               1.0420001                      0.67374501
                   1.048                      0.68901312
                   1.054                      0.68101982
               1.0599999                      0.65009334
                   1.066                      0.59695878
                   1.072                      0.52276488
               1.0779999                      0.42912005
                   1.084                      0.31813835
                    1.09                      0.19248158
                   1.096                     0.055408399
                   1.102                    -0.089225839
                   1.108                     -0.23697466
                   1.114                     -0.38288089
                    1.12                     -0.52162411
                   1.126                     -0.64774441
                   1.132                     -0.75595319
                   1.138                     -0.84150189
               1.1440001                     -0.90056651
                    1.15                     -0.93059565
                   1.156                     -0.93055277
               1.1619999                     -0.90100032
                   1.168                     -0.84401982
                   1.174                     -0.76297499
               1.1799999                     -0.66217421
                   1.186                      -0.5464925
                   1.192                      -0.4210104
                   1.198                      -0.2907171
                   1.204                     -0.16028198
                    1.21                     -0.03391997
                   1.216                     0.084687378
                   1.222                      0.19241686
                   1.228                      0.28668626
                   1.234                      0.36543166
                    1.24                      0.42707169
               1.2460001                      0.47046706
                   1.252                      0.49489553
                   1.258                      0.50002777
               1.2640001                      0.48592453
                    1.27                      0.45302618
                   1.276                      0.40216842
               1.2819999                      0.33459863
                   1.288                      0.25198389
                   1.294                      0.15644654
                     1.3                     0.050556163
                   1.306                     -0.06266132
                   1.312                     -0.17975857
                   1.318                     -0.29692427
                   1.324                     -0.41009177
                    1.33                     -0.51508695
                   1.336                     -0.60782969
                   1.342                     -0.68456601
                   1.348                     -0.74212064
                   1.354                      -0.7781317
                    1.36                     -0.79123511
               1.3660001                     -0.78117135
                   1.372                     -0.74879616
                   1.378                     -0.69598425
               1.3839999                     -0.62545899
                    1.39                     -0.54057051
                   1.396                      -0.4450451
                   1.402                     -0.34275707
                   1.408                        -0.23753
                   1.414                     -0.13298593
                    1.42                    -0.032432422
                   1.426                     0.061200218
                   1.432                      0.14538963
                   1.438                      0.21803901
                   1.444                      0.27746328
                    1.45                      0.32238313
                   1.456                      0.35190805
                   1.462                      0.36552291
               1.4680001                      0.36308171
                   1.474                      0.34479673
                    1.48                      0.31124041
               1.4859999                      0.26334905
                   1.492                      0.20242274
                   1.498                      0.13012787
               1.5039999                     0.048489472
                    1.51                    -0.040123139
                   1.516                     -0.13302592
                   1.522                     -0.22727849
                   1.528                     -0.31975796
                   1.534                     -0.40727116
                    1.54                     -0.48668621
                   1.546                     -0.55508627
                   1.552                     -0.60993893
                   1.558                     -0.64925307
                   1.564                     -0.67170927
               1.5700001                     -0.67675331
                   1.576                     -0.66463082
                   1.582                     -0.63635572
               1.5880001                      -0.5936305
                   1.594                     -0.53871673
                     1.6                     -0.47428019
               1.6059999                     -0.40323261
                   1.612                     -0.32857015
                   1.618                     -0.25324935
                   1.624                     -0.18007276
                    1.63                     -0.11160719
                   1.636                    -0.050132505
                   1.642                    0.0023996685
                   1.648                     0.044385781
                   1.654                     0.074575503
                    1.66                      0.09208181
                   1.666                     0.096380148
               1.6720001                      0.08730776
                   1.678                     0.065065852
                   1.684                      0.03022066
               1.6900001                    -0.016294732
                   1.696                    -0.073182535
                   1.702                     -0.13878415
               1.7079999                     -0.21109459
                   1.714                      -0.2877887
                    1.72                      -0.3662675
                   1.726                      -0.4437177
                   1.732                     -0.51720691
                   1.738                     -0.58379868
                   1.744                     -0.64068432
                    1.75                     -0.68533512
                   1.756                     -0.71565476
                   1.762                     -0.73011628
                   1.768                     -0.72786416
                   1.774                     -0.70877687
                    1.78                     -0.67347465
                   1.786                     -0.62326718
               1.7920001                     -0.56006366
                   1.798                     -0.48624165
                   1.804                     -0.40450361
               1.8099999                     -0.31772494
                   1.816                     -0.22882231
                   1.822                      -0.1406383
               1.8279999                    -0.055849315
                   1.834                     0.023101999
                    1.84                     0.094054046
                   1.846                      0.15515003
                   1.852                      0.20485938
                   1.858                      0.24197865
                   1.864                       0.2656423
                    1.87                      0.27531239
                   1.876                      0.27078451
                   1.882                      0.25219028
                   1.888                      0.21999556
               1.8940001                      0.17500001
                     1.9                      0.11835106
                   1.906                     0.051531136
               1.9119999                    -0.023639473
                   1.918                     -0.10501923
                   1.924                     -0.19017915
               1.9299999                     -0.27643682
                   1.936                     -0.36093689
                   1.942                     -0.44073098
                   1.948                     -0.51290736
                   1.954                     -0.57471249
                    1.96                     -0.62371382
                   1.966                     -0.65793673
                   1.972                     -0.67600286
                   1.978                     -0.67721971
                   1.984                     -0.66164043
                    1.99                     -0.63005148
               1.9960001                     -0.58392503
               2.0020001                     -0.52531224
               2.0079999                     -0.45670999
               2.0139999                     -0.38091915
                    2.02                     -0.30089082
                   2.026                     -0.21959686
               2.0320001                      -0.1399152
               2.0380001                    -0.064540961
               2.0439999                     0.004082013
                    2.05                     0.063795518
                   2.056                      0.11276862
                   2.062                      0.14950172
               2.0680001                      0.17283849
               2.0739999                      0.18196793
               2.0799999                      0.17642084
                   2.086                      0.15608248
                   2.092                       0.1211819
                   2.098                     0.072304754
               2.1040001                      0.01039898
               2.1099999                    -0.063225822
               2.1159999                     -0.14689069
                   2.122                     -0.23854848
                   2.128                     -0.33580595
               2.1340001                     -0.43594828
               2.1400001                     -0.53599679
               2.1459999                     -0.63278536
                   2.152                     -0.72308124
                   2.158                     -0.80371952
                   2.164                     -0.87178312
               2.1700001                     -0.92477635
               2.1760001                     -0.96081014
               2.1819999                      -0.9787535
                   2.188                     -0.97834057
                   2.194                     -0.96021166
                     2.2                     -0.92589192
               2.2060001                     -0.87769555
               2.2119999                     -0.81859089
               2.2179999                     -0.75202514
                   2.224                     -0.68175114
                    2.23                      -0.6116594
               2.2360001                     -0.54563824
               2.2420001                     -0.48746527
               2.2479999                      -0.4407333
               2.2539999                     -0.40880949
                    2.26                     -0.39481909
                   2.266                     -0.40164968
               2.2720001                     -0.43197569
               2.2780001                       -0.488293
               2.2839999                     -0.57296148
                    2.29                     -0.68826298
                   2.296                     -0.83645267
                   2.302                      -1.0198268
               2.3080001                      -1.2407999
               2.3139999                      -1.5019869
               2.3199999                      -1.8063009
                   2.326                      -2.1570709
                   2.332                      -2.5581861
               2.3380001                      -3.0142695
               2.3440001                      -3.5309098
               2.3499999                      -4.1149415
               2.3559999                      -4.7748322
                   2.362                      -5.5211583
                   2.368                      -6.3672297
               2.3740001                      -7.3297928
               2.3800001                      -8.4296206
               2.3859999                      -9.6911674
                   2.392                      -11.138433
                   2.398                      -12.777555
                   2.404                      -14.537426
               2.4100001                      -16.113548
               2.4159999                      -16.825086
               2.4219999                      -16.179848
                   2.428                      -14.641199
                   2.434                      -12.900273
               2.4400001                      -11.274922
               2.4460001                      -9.8416419
               2.4519999                      -8.5958754
               2.4579999                       -7.513966
                   2.464                      -6.5714355
                    2.47                      -5.7473722
               2.4760001                      -5.0248517
               2.4820001                      -4.3903397
               2.4879999                      -3.8329923
                   2.494                      -3.3440284
                     2.5                      -2.9162305
                   2.506                      -2.5435778
               2.5120001                      -2.2209419
               2.5179999                       -1.943875
               2.5239999                      -1.7084308
                    2.53                      -1.5110274
                   2.536                      -1.3483456
               2.5420001                       -1.217239
               2.5480001                      -1.1146686
               2.5539999                      -1.0376461
               2.5599999                     -0.98319919
                   2.566                     -0.94833304
                   2.572                      -0.9300228
               2.5780001                     -0.92520606
               2.5840001                     -0.93079363
               2.5899999                     -0.94370255
                   2.596                     -0.96089143
                   2.602                     -0.97942226
                   2.608                     -0.99653523
               2.6140001                      -1.0097318
               2.6199999                      -1.0168488
               2.6259999                      -1.0161514
                   2.632                       -1.006386
                   2.638                     -0.98683228
               2.6440001                     -0.95731185
               2.6500001                     -0.91817417
               2.6559999                     -0.87024938
               2.6619999                     -0.81477588
                   2.668                     -0.75331308
                   2.674                     -0.68763919
               2.6800001                     -0.61965482
               2.6860001                     -0.55128877
               2.6919999                     -0.48441114
                   2.698                     -0.42077412
                   2.704                     -0.36195214
                    2.71                     -0.30930493
               2.7160001                     -0.26395049
               2.7219999                     -0.22674791
               2.7279999                     -0.19829102
                   2.734                      -0.1789043
                    2.74                     -0.16864722
               2.7460001                     -0.16731868
               2.7520001                     -0.17446664
               2.7579999                     -0.18939908
               2.7639999                     -0.21120283
                    2.77                     -0.23875946
                   2.776                     -0.27077236
               2.7820001                     -0.30579492
               2.7880001                     -0.34227153
               2.7939999                     -0.37858298
                     2.8                     -0.41309867
                   2.806                     -0.44423658
                   2.812                     -0.47052852
               2.8180001                     -0.49068378
               2.8239999                     -0.50365447
               2.8299999                     -0.50868204
                   2.836                       -0.505341
                   2.842                     -0.49356277
                   2.848                     -0.47363561
               2.8540001                     -0.44619299
               2.8599999                     -0.41217223
               2.8659999                     -0.37276688
                   2.872                     -0.32936663
                   2.878                     -0.28349231
               2.8840001                     -0.23672535
               2.8900001                     -0.19064898
               2.8959999                     -0.14679162
                   2.902                     -0.10657502
                   2.908                    -0.071280364
                   2.914                    -0.042012915
               2.9200001                    -0.019683948
               2.9260001                   -0.0049922848
               2.9319999                    0.0015872924
                   2.938                  -0.00019356637
                   2.944                    -0.010348859
                    2.95                    -0.028661625
               2.9560001                    -0.054683613
               2.9619999                    -0.087741596
               2.9679999                     -0.12694543
                   2.974                     -0.17119776
                    2.98                     -0.21921292
               2.9860001                     -0.26954071
               2.9920001                     -0.32060135
               2.9979999                     -0.37072101
               3.0039999                     -0.41819131
                    3.01                      -0.4613237
                   3.016                     -0.49851929
               3.0220001                     -0.52833993
               3.0280001                     -0.54958139
               3.0339999                     -0.56133718
                    3.04                     -0.56304709
                   3.046                     -0.55453717
                   3.052                     -0.53602865
               3.0580001                     -0.50812688
               3.0639999                     -0.47179314
               3.0699999                     -0.42828547
                   3.076                     -0.37910163
                   3.082                     -0.32589738
               3.0880001                     -0.27042158
               3.0940001                     -0.21443301
               3.0999999                     -0.15964812
               3.1059999                     -0.10767922
                   3.112                    -0.059994011
                   3.118                    -0.017881151
               3.1240001                     0.017572635
               3.1300001                      0.04550064
               3.1359999                     0.065263273
                   3.142                     0.076456881
                   3.148                     0.078909579
                   3.154                     0.072685845
               3.1600001                     0.058086214
               3.1659999                     0.035636593
               3.1719999                    0.0060843959
                   3.178                    -0.029606595
                   3.184                    -0.070277479
               3.1900001                     -0.11458435
               3.1960001                     -0.16103037
               3.2019999                     -0.20799875
               3.2079999                     -0.25379648
                   3.214                     -0.29670753
                    3.22                     -0.33506151
               3.2260001                     -0.36729678
               3.2320001                     -0.39204058
               3.2379999                     -0.40817712
                   3.244                     -0.41490945
                    3.25                     -0.41181124
                   3.256                     -0.39885206
               3.2620001                     -0.37640937
               3.2679999                     -0.34524225
               3.2739999                     -0.30645922
                    3.28                      -0.2614521
                   3.286                     -0.21183725
               3.2920001                     -0.15936603
               3.2980001                     -0.10586271
               3.3039999                    -0.053144356
               3.3099999                    -0.002964977
                   3.316                     0.043038945
                   3.322                     0.083381661
               3.3280001                      0.11677236
               3.3340001                      0.14212262
               3.3399999                      0.15856535
                   3.346                      0.16547248
                   3.352                      0.16245061
                   3.358                      0.14935322
               3.3640001                       0.1262828
               3.3699999                     0.093598087
               3.3759999                     0.051911597
                   3.382                    0.0021026933
                   3.388                    -0.054693608
               3.3940001                      -0.1170773
               3.4000001                      -0.1834042
               3.4059999                     -0.25180233
               3.4119999                     -0.32020656
                   3.418                     -0.38641152
                   3.424                     -0.44814086
               3.4300001                     -0.50313768
               3.4360001                     -0.54927046
               3.4419999                     -0.58464631
                   3.448                     -0.60773326
                   3.454                     -0.61746156
                    3.46                     -0.61331338
               3.4660001                     -0.59536941
               3.4719999                     -0.56431925
               3.4779999                     -0.52143082
                   3.484                      -0.4684823
                    3.49                     -0.40766283
               3.4960001                     -0.34146235
               3.5020001                     -0.27255715
               3.5079999                     -0.20369628
               3.5139999                     -0.13761639
                    3.52                    -0.076966763
                   3.526                    -0.024257062
               3.5320001                     0.018167943
               3.5380001                     0.048146219
               3.5439999                     0.063694582
                    3.55                     0.062994862
                   3.556                     0.044377101
                   3.562                    0.0062926085
               3.5680001                    -0.052700402
               3.5739999                     -0.13397865
               3.5799999                     -0.23886087
                   3.586                     -0.36863017
                   3.592                     -0.52454873
                   3.598                     -0.70785802
               3.6040001                     -0.91976345
               3.6099999                      -1.1614176
               3.6159999                      -1.4338587
                   3.622                      -1.7379244
                   3.628                      -2.0741168
               3.6340001                      -2.4423838
               3.6400001                      -2.8418053
               3.6459999                      -3.2701392
                   3.652                      -3.7231805
                   3.658                      -4.1939158
                   3.664                      -4.6714931
               3.6700001                      -5.1401563
               3.6760001                      -5.5785281
               3.6819999                      -5.9599792
                   3.688                      -6.2549877
                   3.694                      -6.4360381
                     3.7                      -6.4842343
               3.7060001                      -6.3949333
               3.7119999                      -6.1793178
               3.7179999                      -5.8609129
                   3.724                      -5.4691564
                    3.73                      -5.0332282
               3.7360001                      -4.5781393
               3.7420001                      -4.1232526
               3.7479999                      -3.6824518
               3.7539999                      -3.2650494
                    3.76                       -2.876874
                   3.766                      -2.5212308
               3.7720001                      -2.1996652
               3.7780001                      -1.9125327
               3.7839999                      -1.6593892
                    3.79                      -1.4392667
                   3.796                      -1.2508587
                   3.802                      -1.0926346
               3.8080001                     -0.96291674
               3.8139999                     -0.85991952
               3.8199999                     -0.78177598
                   3.826                     -0.72653464
                   3.832                     -0.69216294
               3.8380001                      -0.6765319
               3.8440001                     -0.67740419
               3.8499999                      -0.6924256
               3.8559999                     -0.71911248
                   3.862                     -0.75485783
                   3.868                     -0.79694088
               3.8740001                     -0.84256397
               3.8800001                      -0.8888912
               3.8859999                     -0.93312736
                   3.892                     -0.97259479
                   3.898                      -1.0048439
                   3.904                      -1.0277563
               3.9100001                       -1.039652
               3.9159999                      -1.0393786
               3.9219999                      -1.0263694
                   3.928                      -1.0006705
                   3.934                     -0.96292459
               3.9400001                     -0.91431439
               3.9460001                     -0.85647454
               3.9519999                     -0.79138289
               3.9579999                     -0.72123914
                   3.964                     -0.64834748
                    3.97                     -0.57501362
               3.9760001                     -0.50344912
               3.9820001                     -0.43570843
               3.9879999                     -0.37363313
                   3.994                     -0.31882191
                       4                     -0.27260514
                   4.006                     -0.23604304
               4.0120001                     -0.20991733
               4.0180001                     -0.19473028
               4.0240002                     -0.19071527
               4.0300002                     -0.19782996
               4.0359998                     -0.21576346
               4.0419998                     -0.24393201
               4.0479999                     -0.28148409
               4.0539999                     -0.32729768
               4.0599999                     -0.37998462
                   4.066                     -0.43790594
                   4.072                     -0.49918572
               4.0780001                     -0.56174991
               4.0840001                     -0.62337367
               4.0900002                     -0.68174851
               4.0960002                     -0.73457226
               4.1020002                     -0.77965329
               4.1079998                     -0.81501883
               4.1139998                      -0.8390421
               4.1199999                     -0.85054057
               4.1259999                     -0.84886662
                   4.132                      -0.8339615
                   4.138                     -0.80637099
               4.1440001                     -0.76721707
               4.1500001                     -0.71814003
               4.1560001                     -0.66120755
               4.1620002                     -0.59880552
               4.1680002                      -0.5335332
               4.1739998                     -0.46809829
               4.1799998                      -0.4052272
               4.1859999                     -0.34759787
               4.1919999                     -0.29779564
                   4.198                     -0.25827702
                   4.204                     -0.23136889
                    4.21                     -0.21926856
               4.2160001                     -0.22405824
               4.2220001                     -0.24773663
               4.2280002                     -0.29224206
               4.2340002                     -0.35949005
               4.2399998                     -0.45141585
               4.2459998                     -0.57000906
               4.2519999                     -0.71736272
               4.2579999                     -0.89571951
               4.2639999                       -1.107526
                    4.27                      -1.3554929
                   4.276                      -1.6426651
               4.2820001                      -1.9725036
               4.2880001                      -2.3489885
               4.2940001                      -2.7767435
               4.3000002                      -3.2611916
               4.3060002                      -3.8087512
               4.3119998                      -4.4270764
               4.3179998                      -5.1253421
               4.3239999                       -5.914549
               4.3299999                      -6.8077495
                   4.336                      -7.8198943
                   4.342                      -8.9664305
                   4.348                      -10.258281
               4.3540001                      -11.686792
               4.3600001                      -13.183578
               4.3660002                      -14.536525
               4.3720002                      -15.323524
               4.3779998                      -15.154191
               4.3839998                      -14.144117
               4.3899999                      -12.755689
               4.3959999                      -11.330442
                   4.402                      -10.010398
                   4.408                      -8.8324836
                   4.414                      -7.7942857
               4.4200001                      -6.8817256
               4.4260001                      -6.0789544
               4.4320002                       -5.371461
               4.4380002                      -4.7468145
               4.4439998                      -4.1946136
               4.4499998                      -3.7062025
               4.4559999                      -3.2743657
               4.4619999                      -2.8930655
               4.4679999                       -2.557211
                   4.474                      -2.2624819
                    4.48                       -2.005188
               4.4860001                      -1.7821571
               4.4920001                      -1.5906431
               4.4980001                      -1.4282569
               4.5040002                      -1.2929096
               4.5100002                      -1.1827672
               4.5159998                      -1.0962103
               4.5219998                      -1.0318055
               4.5279999                     -0.98828041
               4.5339999                     -0.96450457
                    4.54                      -0.9594667
                   4.546                     -0.97226604
                   4.552                       -1.002098
               4.5580001                      -1.0482411
               4.5640001                      -1.1100496
               4.5700002                      -1.1869412
               4.5760002                      -1.2783875
               4.5819998                      -1.3839024
               4.5879998                       -1.503028
               4.5939999                       -1.635316
               4.5999999                      -1.7803127
               4.6059999                      -1.9375308
                   4.612                      -2.1064207
                   4.618                      -2.2863304
               4.6240001                      -2.4764673
               4.6300001                      -2.6758395
               4.6360002                       -2.883203
               4.6420002                      -3.0969816
               4.6479998                       -3.315209
               4.6539998                      -3.5354406
               4.6599998                      -3.7546995
               4.6659999                      -3.9694268
               4.6719999                      -4.1754659
                   4.678                      -4.3681181
                   4.684                      -4.5422602
               4.6900001                      -4.6925665
               4.6960001                      -4.8138189
               4.7020001                      -4.9013126
               4.7080002                       -4.951281
               4.7140002                      -4.9613073
               4.7199998                      -4.9306162
               4.7259998                      -4.8602019
               4.7319999                      -4.7527504
               4.7379999                      -4.6123762
                   4.744                      -4.4442416
                    4.75                      -4.2541199
                   4.756                      -4.0479765
               4.7620001                       -3.831632
               4.7680001                      -3.6105119
               4.7740002                      -3.3895005
               4.7800002                      -3.1728708
               4.7859998                      -2.9642784
               4.7919998                      -2.7668001
               4.7979999                      -2.5829848
               4.8039999                      -2.4149288
               4.8099999                      -2.2643377
                   4.816                      -2.1325947
                   4.822                      -2.0208141
               4.8280001                       -1.929889
               4.8340001                      -1.8605246
               4.8400002                       -1.813265
               4.8460002                      -1.7885137
               4.8520002                      -1.7865299
               4.8579998                      -1.8074336
               4.8639998                      -1.8511795
               4.8699999                      -1.9175395
               4.8759999                      -2.0060551
                   4.882                      -2.1159867
                   4.888                      -2.2462421
               4.8940001                      -2.3952952
               4.9000001                      -2.5610796
               4.9060001                       -2.740883
               4.9120002                      -2.9312342
               4.9180002                      -3.1277927
               4.9239998                      -3.3252875
               4.9299998                      -3.5175051
               4.9359999                      -3.6974024
               4.9419999                      -3.8573555
                   4.948                      -3.9895863
                   4.954                      -4.0867714
                    4.96                      -4.1427455
               4.9660001                      -4.1532005
               4.9720001                      -4.1162363
               4.9780002                      -4.0325883
               4.9840002                       -3.905517
               4.9899998                      -3.7403514
               4.9959998                      -3.5438261
               5.0019999                      -3.3233632
               5.0079999                      -3.0864342
               5.0139999                      -2.8400705
                    5.02                      -2.5905569
                   5.026                      -2.3432855
               5.0320001                      -2.1027235
               5.0380001                      -1.8724667
               5.0440001                      -1.6553277
               5.0500002                      -1.4534454
               5.0560002                      -1.2683908
               5.0619998                       -1.101264
               5.0679998                     -0.95277603
               5.0739999                     -0.82331488
               5.0799999                      -0.7129988
                   5.086                      -0.6217126
                   5.092                     -0.54912994
                   5.098                     -0.49473508
               5.1040001                     -0.45782412
               5.1100001                     -0.43750825
               5.1160002                     -0.43271021
               5.1220002                     -0.44215864
               5.1279998                      -0.4643838
               5.1339998                     -0.49770944
               5.1399999                     -0.54026052
               5.1459999                     -0.58997048
                   5.152                     -0.64460399
                   5.158                     -0.70179167
                   5.164                     -0.75908044
               5.1700001                     -0.81400476
               5.1760001                     -0.86416594
               5.1820002                      -0.9073339
               5.1880002                     -0.94153587
               5.1939998                     -0.96516563
               5.1999998                     -0.97705757
               5.2059999                     -0.97655554
               5.2119999                     -0.96353624
               5.2179999                     -0.93840954
                   5.224                     -0.90208691
                    5.23                     -0.85590874
               5.2360001                     -0.80156237
               5.2420001                     -0.74098524
               5.2480001                     -0.67626529
               5.2540002                     -0.60954365
               5.2600002                     -0.54294062
               5.2659998                     -0.47848076
               5.2719998                      -0.4180433
               5.2779999                     -0.36331997
               5.2839999                     -0.31579563
                    5.29                     -0.27672495
                   5.296                     -0.24712116
                   5.302                     -0.22775505
               5.3080001                     -0.21914792
               5.3140001                     -0.22156879
               5.3200002                     -0.23503297
               5.3260002                     -0.25929863
               5.3319998                     -0.29386533
               5.3379998                     -0.33796745
               5.3439999                     -0.39058043
               5.3499999                     -0.45042302
               5.3559999                     -0.51596235
                   5.362                     -0.58543879
                   5.368                     -0.65689357
               5.3740001                     -0.72821207
               5.3800001                     -0.79718096
               5.3860002                     -0.86156793
               5.3920002                     -0.91920291
               5.3979998                      -0.9680765
               5.4039998                      -1.0064428
               5.4099998                      -1.0329124
               5.4159999                      -1.0465288
               5.4219999                      -1.0468301
                   5.428                      -1.0338718
                   5.434                      -1.0082178
               5.4400001                     -0.97090524
               5.4460001                     -0.92337625
               5.4520001                     -0.86739477
               5.4580002                     -0.80494757
               5.4640002                      -0.7381537
               5.4699998                     -0.66917051
               5.4759998                     -0.60011602
               5.4819999                     -0.53300449
               5.4879999                     -0.46969946
                   5.494                      -0.4118669
                     5.5                     -0.36096045
                   5.506                     -0.31820034
               5.5120001                     -0.28456203
               5.5180001                     -0.26077366
               5.5240002                     -0.24731173
               5.5300002                     -0.24439749
               5.5359998                     -0.25199968
               5.5419998                     -0.26983529
               5.5479999                     -0.29736154
               5.5539999                     -0.33378615
               5.5599999                     -0.37807031
                   5.566                     -0.42893242
                   5.572                     -0.48486609
               5.5780001                     -0.54416761
               5.5840001                     -0.60496025
               5.5900002                     -0.66524727
               5.5960002                     -0.72296569
               5.6020002                      -0.7760606
               5.6079998                      -0.8225637
               5.6139998                     -0.86067799
               5.6199999                     -0.88886809
               5.6259999                      -0.9059421
                   5.632                     -0.91110753
                   5.638                      -0.9040256
               5.6440001                     -0.88482116
               5.6500001                     -0.85407407
               5.6560001                     -0.81278256
               5.6620002                     -0.76230026
               5.6680002                     -0.70426208
               5.6739998                      -0.6405021
               5.6799998                     -0.57296207
               5.6859999                     -0.50362491
               5.6919999                     -0.43442841
                   5.698                     -0.36721958
                   5.704                     -0.30370092
                    5.71                     -0.24540027
               5.7160001                     -0.19364238
               5.7220001                     -0.14953578
               5.7280002                      -0.1139593
               5.7340002                    -0.087560909
               5.7399998                    -0.070749223
               5.7459998                    -0.063701621
               5.7519999                    -0.066356723
               5.7579999                    -0.078422068
               5.7639999                    -0.099377309
                    5.77                      -0.1284793
                   5.776                     -0.16477289
               5.7820001                     -0.20710029
               5.7880001                     -0.25412433
               5.7940001                     -0.30434869
               5.8000002                     -0.35615735
               5.8060002                     -0.40784856
               5.8119998                     -0.45769048
               5.8179998                     -0.50398016
               5.8239999                     -0.54510362
               5.8299999                     -0.57960749
                   5.836                     -0.60626182
                   5.842                     -0.62412094
                   5.848                     -0.63256836
               5.8540001                      -0.6313518
               5.8600001                     -0.62058829
               5.8660002                     -0.60076069
               5.8720002                     -0.57268777
               5.8779998                     -0.53747807
               5.8839998                     -0.49647473
               5.8899999                     -0.45118599
               5.8959999                      -0.4032242
                   5.902                     -0.35424035
                   5.908                     -0.30586173
                   5.914                     -0.25964303
               5.9200001                     -0.21702558
               5.9260001                     -0.17930075
               5.9320002                     -0.14758275
               5.9380002                     -0.12279362
               5.9439998                     -0.10564933
               5.9499998                    -0.096647936
               5.9559999                    -0.096066028
               5.9619999                     -0.10395774
               5.9679999                     -0.12015184
                   5.974                     -0.14425956
                    5.98                     -0.17567267
               5.9860001                     -0.21357546
               5.9920001                     -0.25695902
               5.9980001                     -0.30463082
               6.0040002                     -0.35524648
               6.0100002                     -0.40733427
               6.0159998                     -0.45933355
               6.0219998                     -0.50964375
               6.0279999                     -0.55667324
               6.0339999                     -0.59890188
                    6.04                     -0.63494252
                   6.046                     -0.66360287
                   6.052                     -0.68394055
               6.0580001                       -0.695315
               6.0640001                     -0.69741678
               6.0700002                     -0.69028781
               6.0760002                     -0.67431589
               6.0819998                     -0.65021693
               6.0879998                      -0.6189942
               6.0939999                     -0.58189209
               6.0999999                     -0.54033243
               6.1059999                     -0.49585432
                   6.112                     -0.45005272
                   6.118                     -0.40451837
               6.1240001                     -0.36078789
               6.1300001                     -0.32029692
               6.1360002                     -0.28434761
               6.1420002                     -0.25407906
               6.1479998                     -0.23044845
               6.1539998                     -0.21421446
               6.1599998                     -0.20592714
               6.1659999                     -0.20592734
               6.1719999                     -0.21433432
                   6.178                     -0.23105697
                   6.184                       -0.255785
               6.1900001                     -0.28800089
               6.1960001                     -0.32698242
               6.2020001                     -0.37181375
               6.2080002                     -0.42139874
               6.2140002                     -0.47448146
               6.2199998                     -0.52966914
               6.2259998                     -0.58546659
               6.2319999                     -0.64031503
               6.2379999                     -0.69263962
                   6.244                     -0.74090318
                    6.25                     -0.78366753
                   6.256                     -0.81964996
               6.2620001                     -0.84778719
               6.2680001                     -0.86728572
               6.2740002                     -0.87766336
               6.2800002                     -0.87877465
               6.2859998                     -0.87082265
               6.2919998                      -0.8543452
               6.2979999                     -0.83019144
               6.3039999                     -0.79947691
               6.3099999                     -0.76352948
                   6.316                     -0.72383023
                   6.322                      -0.6819512
               6.3280001                     -0.63949475
               6.3340001                     -0.59803928
               6.3400002                     -0.55909086
               6.3460002                     -0.52404584
               6.3520002                     -0.49415757
               6.3579998                     -0.47051665
               6.3639998                     -0.45403173
               6.3699999                      -0.4454243
               6.3759999                     -0.44521543
                   6.382                     -0.45373098
                   6.388                     -0.47109607
               6.3940001                     -0.49723931
               6.4000001                     -0.53189924
               6.4060001                     -0.57462332
               6.4120002                     -0.62477677
               6.4180002                     -0.68155345
               6.4239998                     -0.74398309
               6.4299998                     -0.81094949
               6.4359999                     -0.88120539
               6.4419999                     -0.95340096
                   6.448                      -1.0261134
                   6.454                      -1.0978824
                    6.46                      -1.1672622
               6.4660001                      -1.2328592
               6.4720001                      -1.2933945
               6.4780002                      -1.3477536
               6.4840002                      -1.3950397
               6.4899998                      -1.4346155
               6.4959998                      -1.4661409
               6.5019999                      -1.4895883
               6.5079999                      -1.5052511
               6.5139999                      -1.5137325
                    6.52                      -1.5159132
                   6.526                      -1.5129183
               6.5320001                      -1.5060658
               6.5380001                      -1.4968144
               6.5440001                      -1.4867115
               6.5500002                      -1.4773364
               6.5560002                      -1.4702658
               6.5619998                      -1.4670263
               6.5679998                       -1.469068
               6.5739999                       -1.477744
               6.5799999                      -1.4942939
                   6.586                      -1.5198394
                   6.592                      -1.5553793
                   6.598                      -1.6017924
               6.6040001                      -1.6598477
               6.6100001                      -1.7302045
               6.6160002                      -1.8134308
               6.6220002                      -1.9100053
               6.6279998                      -2.0203351
               6.6339998                       -2.144758
               6.6399999                      -2.2835583
               6.6459999                      -2.4369685
                   6.652                        -2.60518
                   6.658                      -2.7883454
                   6.664                      -2.9865812
               6.6700001                      -3.1999603
               6.6760001                      -3.4285184
               6.6820002                       -3.672227
               6.6880002                      -3.9309885
               6.6939998                      -4.2045972
               6.6999998                      -4.4927105
               6.7059999                      -4.7947831
               6.7119999                      -5.1099988
               6.7179999                       -5.437165
                   6.724                      -5.7745837
                    6.73                      -6.1198815
               6.7360001                      -6.4698162
               6.7420001                      -6.8200401
               6.7480001                      -7.1648587
               6.7540002                      -7.4970254
               6.7600002                      -7.8076351
               6.7659998                      -8.0862242
               6.7719998                      -8.3211985
               6.7779999                      -8.5007043
               6.7839999                      -8.6138919
                    6.79                      -8.6524685
                   6.796                      -8.6121162
                   6.802                      -8.4933636
               6.8080001                       -8.301599
               6.8140001                      -8.0462131
               6.8200002                      -7.7391768
               6.8260002                      -7.3934997
               6.8319998                      -7.0219198
               6.8379998                      -6.6360287
               6.8439999                      -6.2458216
               6.8499999                      -5.8595796
               6.8559999                      -5.4839667
                   6.862                       -5.124243
                   6.868                       -4.784489
               6.8740001                      -4.4678513
               6.8800001                      -4.1767429
               6.8860002                       -3.913014
               6.8920002                      -3.6780946
               6.8979998                      -3.4731008
               6.9039998                      -3.2989326
               6.9099998                      -3.1563342
               6.9159999                      -3.0459596
               6.9219999                       -2.968421
                   6.928                      -2.9243303
                   6.934                      -2.9143375
               6.9400001                      -2.9391708
               6.9460001                      -2.9996733
               6.9520001                      -3.0968367
               6.9580002                      -3.2318451
               6.9640002                      -3.4061151
               6.9699998                      -3.6213353
               6.9759998                      -3.8795177
               6.9819999                      -4.1830349
               6.9879999                      -4.5346708
                   6.994                      -4.9376348
                       7                      -5.3955744

