        Frequency / GHz                S1,1 (22)/abs,dB
----------------------------------------------------------------------
                       1                      -0.3053663
                   1.006                     -0.33710225
                   1.012                     -0.36068086
                   1.018                     -0.37534398
                   1.024                     -0.38070191
                    1.03                     -0.37674841
                   1.036                     -0.36386369
               1.0420001                     -0.34277371
                   1.048                     -0.31451196
                   1.054                     -0.28035588
               1.0599999                     -0.24175706
                   1.066                     -0.20026858
                   1.072                     -0.15747897
               1.0779999                     -0.11494942
                   1.084                    -0.074158092
                    1.09                    -0.036459734
                   1.096                   -0.0030510624
                   1.102                     0.025055467
                   1.108                     0.047048917
                   1.114                     0.062331279
                    1.12                     0.070521536
                   1.126                     0.071458801
                   1.132                     0.065203884
                   1.138                     0.052033207
               1.1440001                     0.032429846
                    1.15                    0.0070730507
                   1.156                    -0.023175576
               1.1619999                    -0.057293758
                   1.168                    -0.094127091
                   1.174                     -0.13241631
               1.1799999                     -0.17084272
                   1.186                     -0.20806959
                   1.192                     -0.24278811
                   1.198                     -0.27377927
                   1.204                     -0.29995523
                    1.21                     -0.32041478
                   1.216                     -0.33448152
                   1.222                     -0.34173485
                   1.228                     -0.34203056
                   1.234                     -0.33549983
                    1.24                     -0.32254278
               1.2460001                     -0.30379933
                   1.252                     -0.28011581
                   1.258                     -0.25249841
               1.2640001                     -0.22206775
                    1.27                     -0.19000457
                   1.276                      -0.1575062
               1.2819999                     -0.12574081
                   1.288                    -0.095808133
                   1.294                    -0.068705071
                     1.3                     -0.04530544
                   1.306                    -0.026332043
                   1.312                    -0.012348725
                   1.318                   -0.0037452373
                   1.324                  -0.00073432033
                    1.33                   -0.0033501081
                   1.336                    -0.011447163
                   1.342                    -0.024710577
                   1.348                    -0.042658466
                   1.354                    -0.064662731
                    1.36                    -0.089956837
               1.3660001                     -0.11766741
                   1.372                     -0.14683203
                   1.378                     -0.17643022
               1.3839999                     -0.20542322
                    1.39                     -0.23278858
                   1.396                     -0.25755321
                   1.402                     -0.27884203
                   1.408                     -0.29590621
                   1.414                     -0.30816108
                    1.42                     -0.31520469
                   1.426                     -0.31684085
                   1.432                     -0.31308095
                   1.438                     -0.30414433
                   1.444                     -0.29044068
                    1.45                     -0.27255211
                   1.456                     -0.25120149
                   1.462                     -0.22722151
               1.4680001                     -0.20151585
                   1.474                     -0.17502468
                    1.48                     -0.14868997
               1.4859999                     -0.12342044
                   1.492                     -0.10006876
                   1.498                    -0.079403574
               1.5039999                    -0.062089641
                    1.51                    -0.048676667
                   1.516                    -0.039584055
                   1.522                    -0.035097439
                   1.528                    -0.035364413
                   1.534                    -0.040390196
                    1.54                    -0.050051331
                   1.546                     -0.06408651
                   1.552                    -0.082117619
                   1.558                     -0.10365816
                   1.564                      -0.1281243
               1.5700001                      -0.1548583
                   1.576                     -0.18314096
                   1.582                     -0.21222242
               1.5880001                     -0.24133748
                   1.594                      -0.2697394
                     1.6                     -0.29671889
               1.6059999                     -0.32162988
                   1.612                     -0.34391386
                   1.618                     -0.36311577
                   1.624                     -0.37889805
                    1.63                     -0.39105333
                   1.636                     -0.39950376
                   1.642                     -0.40429993
                   1.648                     -0.40561035
                   1.654                     -0.40371004
                    1.66                     -0.39896186
                   1.666                     -0.39179423
               1.6720001                      -0.3826794
                   1.678                     -0.37211072
                   1.684                     -0.36057996
               1.6900001                      -0.3485554
                   1.696                      -0.3364638
                   1.702                     -0.32468053
               1.7079999                      -0.3135092
                   1.714                     -0.30317961
                    1.72                     -0.29384005
                   1.726                     -0.28556362
                   1.732                     -0.27833888
                   1.738                     -0.27208911
                   1.744                     -0.26667173
                    1.75                     -0.26189565
                   1.756                     -0.25753138
                   1.762                      -0.2533308
                   1.768                     -0.24903577
                   1.774                     -0.24440129
                    1.78                     -0.23920954
                   1.786                     -0.23328151
               1.7920001                     -0.22649174
                   1.798                     -0.21877824
                   1.804                     -0.21014813
               1.8099999                     -0.20067903
                   1.816                     -0.19052011
                   1.822                     -0.17988755
               1.8279999                     -0.16905468
                   1.834                     -0.15834411
                    1.84                     -0.14811011
                   1.846                     -0.13872743
                   1.852                     -0.13057177
                   1.858                     -0.12400507
                   1.864                     -0.11935758
                    1.87                      -0.1169121
                   1.876                     -0.11689143
                   1.882                     -0.11944343
                   1.888                     -0.12463215
               1.8940001                     -0.13242998
                     1.9                     -0.14271147
                   1.906                     -0.15525566
               1.9119999                      -0.1697422
                   1.918                     -0.18576432
                   1.924                     -0.20283232
               1.9299999                     -0.22038984
                   1.936                     -0.23783291
                   1.942                     -0.25453012
                   1.948                     -0.26984474
                   1.954                      -0.2831642
                    1.96                     -0.29392473
                   1.966                     -0.30164308
                   1.972                      -0.3059377
                   1.978                     -0.30655117
                   1.984                     -0.30337017
                    1.99                     -0.29643801
               1.9960001                     -0.28595189
               2.0020001                      -0.2722698
               2.0079999                     -0.25589285
               2.0139999                      -0.2374559
                    2.02                     -0.21769574
                   2.026                     -0.19743285
               2.0320001                     -0.17754165
               2.0380001                     -0.15891571
               2.0439999                     -0.14243908
                    2.05                     -0.12895785
                   2.056                        -0.11925
                   2.062                      -0.1140006
               2.0680001                     -0.11377775
               2.0739999                     -0.11901221
               2.0799999                     -0.12998105
                   2.086                     -0.14679163
                   2.092                     -0.16937335
                   2.098                     -0.19746168
               2.1040001                     -0.23060582
               2.1099999                     -0.26815941
               2.1159999                     -0.30929279
                   2.122                     -0.35300291
                   2.128                     -0.39813633
               2.1340001                     -0.44341619
               2.1400001                     -0.48748229
               2.1459999                     -0.52894359
                   2.152                     -0.56642887
                   2.158                      -0.5986568
                   2.164                      -0.6245029
               2.1700001                     -0.64306943
               2.1760001                     -0.65374496
               2.1819999                      -0.6562636
                   2.188                     -0.65073624
                   2.194                     -0.63767277
                     2.2                     -0.61798025
               2.2060001                     -0.59294191
               2.2119999                     -0.56417666
               2.2179999                     -0.53359242
                   2.224                     -0.50332166
                    2.23                     -0.47566732
               2.2360001                     -0.45303859
               2.2420001                     -0.43790442
               2.2479999                     -0.43274567
               2.2539999                     -0.44002836
                    2.26                     -0.46217787
                   2.266                      -0.5015747
               2.2720001                       -0.560552
               2.2780001                     -0.64140568
               2.2839999                     -0.74641788
                    2.29                     -0.87788547
                   2.296                      -1.0381541
                   2.302                      -1.2296777
               2.3080001                      -1.4550672
               2.3139999                      -1.7171744
               2.3199999                      -2.0191827
                   2.326                      -2.3647229
                   2.332                      -2.7580292
               2.3380001                      -3.2041293
               2.3440001                      -3.7091115
               2.3499999                      -4.2804819
               2.3559999                      -4.9276566
                   2.362                      -5.6626888
                   2.368                      -6.5013036
               2.3740001                      -7.4644815
               2.3800001                      -8.5808681
               2.3859999                      -9.8904912
                   2.392                      -11.450162
                   2.398                       -13.33916
                   2.404                      -15.650006
               2.4100001                      -18.360625
               2.4159999                       -20.61253
               2.4219999                      -20.146277
                   2.428                      -17.551705
                   2.434                      -14.906374
               2.4400001                      -12.701451
               2.4460001                      -10.895319
               2.4519999                      -9.3956894
               2.4579999                      -8.1301569
                   2.464                      -7.0474968
                    2.47                       -6.111574
               2.4760001                      -5.2964123
               2.4820001                      -4.5828885
               2.4879999                      -3.9565923
                   2.494                      -3.4064161
                     2.5                      -2.9236172
                   2.506                      -2.5011716
               2.5120001                      -2.1333176
               2.5179999                      -1.8152303
               2.5239999                      -1.5427778
                    2.53                      -1.3123409
                   2.536                      -1.1206754
               2.5420001                     -0.96479615
               2.5480001                     -0.84189256
               2.5539999                     -0.74925475
               2.5599999                     -0.68421537
                   2.566                     -0.64409282
                   2.572                     -0.62615957
               2.5780001                     -0.62759836
               2.5840001                     -0.64548947
               2.5899999                     -0.67679129
                   2.596                      -0.7183457
                   2.602                      -0.7668988
                   2.608                     -0.81913624
               2.6140001                     -0.87174835
               2.6199999                     -0.92150912
               2.6259999                     -0.96537987
                   2.632                      -1.0006242
                   2.638                      -1.0249301
               2.6440001                      -1.0365134
               2.6500001                       -1.034213
               2.6559999                       -1.017542
               2.6619999                     -0.98669586
                   2.668                     -0.94252127
                   2.674                     -0.88643915
               2.6800001                     -0.82033226
               2.6860001                     -0.74642459
               2.6919999                     -0.66714095
                   2.698                     -0.58498046
                   2.704                     -0.50240938
                    2.71                     -0.42175811
               2.7160001                     -0.34516093
               2.7219999                     -0.27449476
               2.7279999                     -0.21135579
                   2.734                     -0.15703588
                    2.74                     -0.11251797
               2.7460001                    -0.078475592
               2.7520001                    -0.055281058
               2.7579999                    -0.043013555
               2.7639999                    -0.041464172
                    2.77                    -0.050158015
                   2.776                    -0.068359936
               2.7820001                    -0.095087777
               2.7880001                     -0.12913628
               2.7939999                     -0.16909667
                     2.8                      -0.2133789
                   2.806                     -0.26025512
                   2.812                      -0.3078951
               2.8180001                     -0.35442665
               2.8239999                     -0.39799445
               2.8299999                     -0.43683076
                   2.836                     -0.46933044
                   2.842                     -0.49412365
                   2.848                     -0.51014488
               2.8540001                     -0.51669041
               2.8599999                     -0.51345527
               2.8659999                      -0.5005451
                   2.872                     -0.47847539
                   2.878                     -0.44813063
               2.8840001                     -0.41071855
               2.8900001                     -0.36770119
               2.8959999                     -0.32071655
                   2.902                     -0.27150472
                   2.908                     -0.22182725
                   2.914                     -0.17340687
               2.9200001                     -0.12786113
               2.9260001                    -0.086661259
               2.9319999                    -0.051094865
                   2.938                    -0.022237225
                   2.944                  -0.00093729716
                    2.95                     0.012196273
               2.9560001                     0.016800324
               2.9619999                     0.012758053
               2.9679999                    0.0002019607
                   2.974                    -0.020494943
                    2.98                     -0.04871999
               2.9860001                    -0.083634568
               2.9920001                     -0.12417969
               2.9979999                     -0.16909968
               3.0039999                      -0.2169634
                    3.01                     -0.26619676
                   3.016                     -0.31512069
               3.0220001                     -0.36200533
               3.0280001                     -0.40513057
               3.0339999                     -0.44285049
                    3.04                     -0.47366795
                   3.046                     -0.49630789
                   3.052                      -0.5097858
               3.0580001                     -0.51346128
               3.0639999                     -0.50707712
               3.0699999                     -0.49077716
                   3.076                     -0.46509816
                   3.082                     -0.43094165
               3.0880001                     -0.38952207
               3.0940001                     -0.34230408
               3.0999999                     -0.29092536
               3.1059999                     -0.23712391
                   3.112                     -0.18266286
                   3.118                     -0.12926552
               3.1240001                    -0.078556381
               3.1300001                    -0.032016079
               3.1359999                    0.0090515417
                   3.142                      0.04354526
                   3.148                     0.070588964
                   3.154                     0.089534679
               3.1600001                      0.09997103
               3.1659999                      0.10172906
               3.1719999                     0.094875135
                   3.178                     0.079712872
                   3.184                      0.05677746
               3.1900001                     0.026826631
               3.1960001                   -0.0091679185
               3.2019999                    -0.050032574
               3.2079999                    -0.094417668
                   3.214                     -0.14082019
                    3.22                     -0.18762419
               3.2260001                     -0.23314342
               3.2320001                     -0.27568301
               3.2379999                     -0.31359915
                   3.244                     -0.34537266
                    3.25                     -0.36968176
                   3.256                     -0.38547364
               3.2620001                     -0.39202336
               3.2679999                      -0.3889784
               3.2739999                     -0.37638268
                    3.28                     -0.35467983
                   3.286                     -0.32468842
               3.2920001                     -0.28755702
               3.2980001                     -0.24470572
               3.3039999                     -0.19775422
               3.3099999                     -0.14844324
                   3.316                    -0.098565164
                   3.322                    -0.049889841
               3.3280001                   -0.0041070211
               3.3340001                     0.037219372
               3.3399999                     0.072694301
                   3.346                      0.10111911
                   3.352                      0.12151079
                   3.358                      0.13311441
               3.3640001                       0.1354178
               3.3699999                      0.12815569
               3.3759999                      0.11131348
                   3.382                     0.085131912
                   3.388                     0.050110714
               3.3940001                    0.0070098415
               3.4000001                    -0.043149911
               3.4059999                    -0.099094657
               3.4119999                     -0.15930771
                   3.418                     -0.22205061
                   3.424                     -0.28539866
               3.4300001                     -0.34728652
               3.4360001                     -0.40557972
               3.4419999                     -0.45815475
                   3.448                     -0.50299847
                   3.454                     -0.53831894
                    3.46                      -0.5626517
               3.4660001                     -0.57496023
               3.4719999                      -0.5747191
               3.4779999                     -0.56196285
                   3.484                     -0.53729951
                    3.49                     -0.50188669
               3.4960001                      -0.4573714
               3.5020001                     -0.40580506
               3.5079999                     -0.34954235
               3.5139999                     -0.29113052
                    3.52                     -0.23321334
                   3.526                      -0.1784414
               3.5320001                     -0.12940107
               3.5380001                    -0.088566772
               3.5439999                    -0.058268189
                    3.55                    -0.040674967
                   3.556                    -0.037799347
                   3.562                    -0.051498022
               3.5680001                    -0.083497944
               3.5739999                     -0.13540645
               3.5799999                     -0.20874031
                   3.586                     -0.30494077
                   3.592                     -0.42539028
                   3.598                     -0.57142389
               3.6040001                     -0.74433022
               3.6099999                     -0.94533834
               3.6159999                      -1.1755867
                   3.622                       -1.436072
                   3.628                      -1.7275491
               3.6340001                      -2.0503894
               3.6400001                      -2.4043636
               3.6459999                      -2.7883195
                   3.652                      -3.1997296
                   3.658                      -3.6340692
                   3.664                      -4.0840189
               3.6700001                      -4.5385117
               3.6760001                      -4.9818389
               3.6819999                      -5.3931596
                   3.688                      -5.7471059
                   3.694                      -6.0162538
                     3.7                      -6.1757863
               3.7060001                      -6.2093898
               3.7119999                      -6.1139874
               3.7179999                      -5.9007602
                   3.724                      -5.5918366
                    3.73                      -5.2145527
               3.7360001                      -4.7960039
               3.7420001                      -4.3595587
               3.7479999                       -3.923488
               3.7539999                      -3.5010489
                    3.76                      -3.1012602
                   3.766                      -2.7298603
               3.7720001                      -2.3901817
               3.7780001                      -2.0838609
               3.7839999                      -1.8113603
                    3.79                      -1.5723513
                   3.796                      -1.3659725
                   3.802                      -1.1910079
               3.8080001                       -1.046004
               3.8139999                     -0.92934163
               3.8199999                     -0.83927281
                   3.826                     -0.77393926
                   3.832                      -0.7313773
               3.8380001                     -0.70950948
               3.8440001                     -0.70612644
               3.8499999                     -0.71887736
               3.8559999                      -0.7452505
                   3.862                     -0.78256676
                   3.868                     -0.82798392
               3.8740001                     -0.87851847
               3.8800001                     -0.93108235
               3.8859999                      -0.9825518
                   3.892                      -1.0298564
                   3.898                      -1.0700941
                   3.904                      -1.1006598
               3.9100001                      -1.1193781
               3.9159999                      -1.1246315
               3.9219999                      -1.1154549
                   3.928                      -1.0915891
                   3.934                      -1.0534954
               3.9400001                      -1.0022993
               3.9460001                     -0.93970576
               3.9519999                     -0.86787307
               3.9579999                     -0.78926802
                   3.964                     -0.70652065
                    3.97                     -0.62229549
               3.9760001                     -0.53917444
               3.9820001                     -0.45957143
               3.9879999                     -0.38566821
                   3.994                     -0.31937357
                       4                     -0.26229972
                   4.006                     -0.21575354
               4.0120001                     -0.18073865
               4.0180001                     -0.15795323
               4.0240002                     -0.14780085
               4.0300002                     -0.15039101
               4.0359998                     -0.16554601
               4.0419998                     -0.19279457
               4.0479999                     -0.23137478
               4.0539999                     -0.28022737
               4.0599999                     -0.33799055
                   4.066                     -0.40301027
                   4.072                     -0.47334007
               4.0780001                     -0.54676905
               4.0840001                      -0.6208603
               4.0900002                     -0.69301403
               4.0960002                     -0.76055387
               4.1020002                      -0.8208335
               4.1079998                     -0.87137687
               4.1139998                     -0.91001082
               4.1199999                     -0.93501624
               4.1259999                     -0.94524623
                   4.132                     -0.94022263
                   4.138                     -0.92018038
               4.1440001                     -0.88605935
               4.1500001                     -0.83945128
               4.1560001                     -0.78250008
               4.1620002                     -0.71777354
               4.1680002                     -0.64813187
               4.1739998                     -0.57658989
               4.1799998                     -0.50620692
               4.1859999                     -0.43999163
               4.1919999                      -0.3808374
                   4.198                     -0.33148475
                   4.204                     -0.29450402
                    4.21                     -0.27229749
               4.2160001                     -0.26711562
               4.2220001                     -0.28108411
               4.2280002                     -0.31623721
               4.2340002                     -0.37455408
               4.2399998                     -0.45800621
               4.2459998                     -0.56858604
               4.2519999                     -0.70836613
               4.2579999                     -0.87953368
               4.2639999                       -1.084443
                    4.27                      -1.3256682
                   4.276                      -1.6060546
               4.2820001                      -1.9287863
               4.2880001                      -2.2974525
               4.2940001                      -2.7161327
               4.3000002                      -3.1894743
               4.3060002                      -3.7227819
               4.3119998                      -4.3220902
               4.3179998                      -4.9941654
               4.3239999                      -5.7463616
               4.3299999                      -6.5860883
                   4.336                      -7.5194258
                   4.342                      -8.5478105
                   4.348                      -9.6606548
               4.3540001                      -10.820057
               4.3600001                      -11.934098
               4.3660002                      -12.828938
               4.3720002                      -13.273744
               4.3779998                      -13.121739
               4.3839998                      -12.447581
               4.3899999                      -11.473026
               4.3959999                      -10.399778
                   4.402                      -9.3460047
                   4.408                      -8.3645704
                   4.414                      -7.4729252
               4.4200001                       -6.672263
               4.4260001                      -5.9571897
               4.4320002                       -5.320158
               4.4380002                      -4.7533639
               4.4439998                      -4.2495091
               4.4499998                      -3.8020391
               4.4559999                       -3.405179
               4.4619999                      -3.0538739
               4.4679999                      -2.7437046
                   4.474                      -2.4707993
                    4.48                      -2.2317565
               4.4860001                      -2.0235683
               4.4920001                      -1.8435714
               4.4980001                      -1.6893933
               4.5040002                      -1.5589143
               4.5100002                      -1.4502363
               4.5159998                      -1.3616606
               4.5219998                      -1.2916679
               4.5279999                      -1.2389051
               4.5339999                      -1.2021764
                    4.54                      -1.1804344
                   4.546                      -1.1727784
                   4.552                       -1.178449
               4.5580001                      -1.1968307
               4.5640001                      -1.2274442
               4.5700002                      -1.2699457
               4.5760002                      -1.3241221
               4.5819998                      -1.3898852
               4.5879998                      -1.4672603
               4.5939999                      -1.5563719
               4.5999999                      -1.6574314
               4.6059999                      -1.7707092
                   4.612                       -1.896513
                   4.618                      -2.0351503
               4.6240001                      -2.1868872
               4.6300001                      -2.3519039
               4.6360002                      -2.5302253
               4.6420002                      -2.7216563
               4.6479998                       -2.925689
               4.6539998                      -3.1414004
               4.6599998                      -3.3673302
               4.6659999                      -3.6013458
               4.6719999                      -3.8404988
                   4.678                      -4.0808872
                   4.684                      -4.3175465
               4.6900001                      -4.5444108
               4.6960001                      -4.7543862
               4.7020001                      -4.9396019
               4.7080002                      -5.0918713
               4.7140002                      -5.2033718
               4.7199998                      -5.2674864
               4.7259998                      -5.2796536
               4.7319999                      -5.2380436
               4.7379999                      -5.1438758
                   4.744                      -5.0012758
                    4.75                      -4.8167295
                   4.756                      -4.5982788
               4.7620001                      -4.3546638
               4.7680001                      -4.0945684
               4.7740002                      -3.8260764
               4.7800002                       -3.556352
               4.7859998                      -3.2914944
               4.7919998                      -3.0365517
               4.7979999                      -2.7955969
               4.8039999                      -2.5718633
               4.8099999                      -2.3678782
                   4.816                      -2.1855986
                   4.822                      -2.0265287
               4.8280001                      -1.8918208
               4.8340001                      -1.7823505
               4.8400002                      -1.6987816
               4.8460002                      -1.6416078
               4.8520002                      -1.6111806
               4.8579998                      -1.6077164
               4.8639998                      -1.6313081
               4.8699999                      -1.6818904
               4.8759999                      -1.7592215
                   4.882                      -1.8628283
                   4.888                      -1.9919367
               4.8940001                      -2.1453858
               4.9000001                      -2.3215115
               4.9060001                      -2.5180092
               4.9120002                      -2.7317744
               4.9180002                      -2.9587357
               4.9239998                      -3.1936787
               4.9299998                      -3.4301291
               4.9359999                      -3.6603113
               4.9419999                       -3.875269
                   4.948                      -4.0652235
                   4.954                      -4.2202121
                    4.96                      -4.3309994
               4.9660001                      -4.3901487
               4.9720001                      -4.3930375
               4.9780002                      -4.3385338
               4.9840002                      -4.2291549
               4.9899998                      -4.0706255
               4.9959998                      -3.8710028
               5.0019999                      -3.6396028
               5.0079999                      -3.3859973
               5.0139999                      -3.1192351
                    5.02                       -2.847356
                   5.026                      -2.5771621
               5.0320001                      -2.3141828
               5.0380001                      -2.0627623
               5.0440001                      -1.8262053
               5.0500002                      -1.6069437
               5.0560002                      -1.4066897
               5.0619998                      -1.2265793
               5.0679998                      -1.0672784
               5.0739999                     -0.92908109
               5.0799999                     -0.81197005
                   5.086                     -0.71566442
                   5.092                     -0.63965594
                   5.098                     -0.58322088
               5.1040001                     -0.54543282
               5.1100001                     -0.52516281
               5.1160002                       -0.521074
               5.1220002                     -0.53161865
               5.1279998                     -0.55503201
               5.1339998                     -0.58933387
               5.1399999                     -0.63233665
               5.1459999                     -0.68166548
                   5.152                      -0.7347924
                   5.158                     -0.78908741
                   5.164                     -0.84189325
               5.1700001                     -0.89060736
               5.1760001                     -0.93278936
               5.1820002                     -0.96626891
               5.1880002                     -0.98925477
               5.1939998                      -1.0004251
               5.1999998                     -0.99900265
               5.2059999                     -0.98478991
               5.2119999                     -0.95816802
               5.2179999                     -0.92005872
                   5.224                     -0.87185521
                    5.23                     -0.81532592
               5.2360001                     -0.75250896
               5.2420001                     -0.68560091
               5.2480001                     -0.61685496
               5.2540002                     -0.54849279
               5.2600002                     -0.48262659
               5.2659998                     -0.42120992
               5.2719998                     -0.36598901
               5.2779999                     -0.31848018
               5.2839999                     -0.27994934
                    5.29                     -0.25140459
                   5.296                     -0.23358688
                   5.302                     -0.22696996
               5.3080001                     -0.23175522
               5.3140001                      -0.2478734
               5.3200002                     -0.27497547
               5.3260002                     -0.31244138
               5.3319998                     -0.35936913
               5.3379998                     -0.41458249
               5.3439999                     -0.47663879
               5.3499999                     -0.54384637
               5.3559999                     -0.61428321
                   5.362                     -0.68584618
                   5.368                      -0.7562981
               5.3740001                     -0.82334302
               5.3800001                     -0.88470663
               5.3860002                     -0.93824404
               5.3920002                     -0.98203288
               5.3979998                      -1.0144834
               5.4039998                      -1.0344256
               5.4099998                        -1.04118
               5.4159999                      -1.0345933
               5.4219999                      -1.0150502
                   5.428                     -0.98343749
                   5.434                     -0.94108862
               5.4400001                     -0.88970044
               5.4460001                     -0.83123058
               5.4520001                     -0.76780579
               5.4580002                      -0.7016168
               5.4640002                     -0.63483574
               5.4699998                     -0.56954208
               5.4759998                     -0.50766733
               5.4819999                     -0.45094974
               5.4879999                     -0.40090643
                   5.494                     -0.35881077
                     5.5                     -0.32568362
                   5.506                     -0.30228487
               5.5120001                     -0.28910869
               5.5180001                      -0.2863842
               5.5240002                     -0.29407592
               5.5300002                     -0.31188203
               5.5359998                     -0.33923644
               5.5419998                     -0.37531565
               5.5479999                     -0.41904147
               5.5539999                     -0.46909614
               5.5599999                     -0.52394114
                   5.566                     -0.58184338
                   5.572                     -0.64091246
               5.5780001                     -0.69915391
               5.5840001                     -0.75452947
               5.5900002                     -0.80503243
               5.5960002                     -0.84877186
               5.6020002                     -0.88405268
               5.6079998                     -0.90946779
               5.6139998                      -0.9239653
               5.6199999                     -0.92691111
               5.6259999                     -0.91811689
                   5.632                     -0.89785044
                   5.638                      -0.8668154
               5.6440001                     -0.82610179
               5.6500001                     -0.77712449
               5.6560001                     -0.72154257
               5.6620002                     -0.66117562
               5.6680002                     -0.59792046
               5.6739998                     -0.53367774
               5.6799998                     -0.47028233
               5.6859999                     -0.40945063
               5.6919999                      -0.3527391
                   5.698                      -0.3015106
                   5.704                     -0.25691538
                    5.71                     -0.21987466
               5.7160001                     -0.19107033
               5.7220001                     -0.17094848
               5.7280002                     -0.15971156
               5.7340002                     -0.15732015
               5.7399998                     -0.16350726
               5.7459998                     -0.17777121
               5.7519999                     -0.19939658
               5.7579999                     -0.22746021
               5.7639999                      -0.2608548
                    5.77                     -0.29830597
                   5.776                     -0.33840846
               5.7820001                     -0.37965858
               5.7880001                      -0.4205006
               5.7940001                     -0.45938166
               5.8000002                     -0.49480177
               5.8060002                     -0.52538023
               5.8119998                     -0.54991411
               5.8179998                     -0.56743082
               5.8239999                     -0.57723797
               5.8299999                      -0.5789563
                   5.836                     -0.57253786
                   5.842                     -0.55826277
                   5.848                     -0.53672537
               5.8540001                     -0.50879999
               5.8600001                     -0.47559442
               5.8660002                     -0.43839438
               5.8720002                     -0.39860268
               5.8779998                     -0.35768562
               5.8839998                       -0.317108
               5.8899999                     -0.27829076
               5.8959999                     -0.24255712
                   5.902                     -0.21110571
                   5.908                     -0.18497555
                   5.914                     -0.16502332
               5.9200001                     -0.15191056
               5.9260001                     -0.14608767
               5.9320002                     -0.14778975
               5.9380002                     -0.15703138
               5.9439998                     -0.17360542
               5.9499998                     -0.19708711
               5.9559999                     -0.22684423
               5.9619999                     -0.26203911
               5.9679999                     -0.30165232
                   5.974                      -0.3445006
                    5.98                     -0.38926607
               5.9860001                     -0.43452902
               5.9920001                     -0.47881595
               5.9980001                     -0.52064631
               6.0040002                     -0.55858585
               6.0100002                     -0.59131179
               6.0159998                     -0.61766689
               6.0219998                     -0.63671647
               6.0279999                     -0.64779775
               6.0339999                     -0.65055398
                    6.04                     -0.64495117
                   6.046                     -0.63128975
                   6.052                     -0.61017651
               6.0580001                     -0.58250633
               6.0640001                      -0.5494078
               6.0700002                     -0.51219414
               6.0760002                     -0.47230366
               6.0819998                      -0.4312391
               6.0879998                     -0.39051087
               6.0939999                     -0.35158606
               6.0999999                     -0.31583971
               6.1059999                     -0.28452364
                   6.112                     -0.25872961
                   6.118                     -0.23936921
               6.1240001                     -0.22715666
               6.1300001                     -0.22259637
               6.1360002                     -0.22597552
               6.1420002                      -0.2373591
               6.1479998                     -0.25658663
               6.1539998                     -0.28327672
               6.1599998                     -0.31683136
               6.1659999                     -0.35644076
               6.1719999                      -0.4011025
                   6.178                     -0.44962814
                   6.184                     -0.50068047
               6.1900001                     -0.55279561
               6.1960001                     -0.60442702
               6.2020001                      -0.6539915
               6.2080002                     -0.69992713
               6.2140002                     -0.74075034
               6.2199998                      -0.7751266
               6.2259998                     -0.80192709
               6.2319999                     -0.82029005
               6.2379999                      -0.8296669
                   6.244                     -0.82985684
                    6.25                      -0.8210156
                   6.256                     -0.80365028
               6.2620001                     -0.77859966
               6.2680001                     -0.74697988
               6.2740002                     -0.71014383
               6.2800002                       -0.669607
               6.2859998                     -0.62698853
               6.2919998                     -0.58394098
               6.2979999                     -0.54209744
               6.3039999                     -0.50301712
               6.3099999                      -0.4681383
                   6.316                     -0.43875207
                   6.322                     -0.41597088
               6.3280001                     -0.40071063
               6.3340001                     -0.39367743
               6.3400002                     -0.39536413
               6.3460002                     -0.40604121
               6.3520002                     -0.42575585
               6.3579998                     -0.45433342
               6.3639998                     -0.49138346
               6.3699999                     -0.53629661
               6.3759999                     -0.58825859
                   6.382                     -0.64625617
                   6.388                     -0.70909289
               6.3940001                     -0.77540956
               6.4000001                     -0.84370986
               6.4060001                     -0.91239746
               6.4120002                      -0.9798168
               6.4180002                      -1.0443104
               6.4239998                       -1.104276
               6.4299998                      -1.1582304
               6.4359999                       -1.204885
               6.4419999                      -1.2432004
                   6.448                      -1.2724497
                   6.454                      -1.2922594
                    6.46                      -1.3026307
               6.4660001                      -1.3039462
               6.4720001                      -1.2969518
               6.4780002                      -1.2827146
               6.4840002                      -1.2625803
               6.4899998                      -1.2380941
               6.4959998                      -1.2109474
               6.5019999                      -1.1828986
               6.5079999                      -1.1557177
               6.5139999                      -1.1311256
                    6.52                      -1.1107533
                   6.526                       -1.096102
               6.5320001                      -1.0885247
               6.5380001                      -1.0892061
               6.5440001                      -1.0991554
               6.5500002                       -1.119204
               6.5560002                      -1.1500092
               6.5619998                       -1.192057
               6.5679998                       -1.245669
               6.5739999                       -1.311015
               6.5799999                      -1.3881199
                   6.586                      -1.4768693
                   6.592                      -1.5770261
                   6.598                      -1.6882358
               6.6040001                      -1.8100387
               6.6100001                      -1.9418797
               6.6160002                      -2.0831241
               6.6220002                       -2.233068
               6.6279998                      -2.3909621
               6.6339998                      -2.5560232
               6.6399999                      -2.7274589
               6.6459999                      -2.9044954
                   6.652                      -3.0863947
                   6.658                      -3.2724907
                   6.664                      -3.4622016
               6.6700001                      -3.6550594
               6.6760001                      -3.8507152
               6.6820002                      -4.0489559
               6.6880002                      -4.2496909
               6.6939998                      -4.4529321
               6.6999998                      -4.6587693
               6.7059999                      -4.8673135
               6.7119999                      -5.0786235
               6.7179999                      -5.2926278
                   6.724                      -5.5090069
                    6.73                      -5.7270655
               6.7360001                      -5.9455911
               6.7420001                      -6.1626866
               6.7480001                      -6.3756086
               6.7540002                      -6.5806121
               6.7600002                      -6.7728504
               6.7659998                      -6.9463502
               6.7719998                      -7.0941396
               6.7779999                      -7.2085694
               6.7839999                      -7.2818796
                    6.79                      -7.3069786
                   6.796                      -7.2783524
                   6.802                      -7.1929236
               6.8080001                      -7.0506442
               6.8140001                       -6.854662
               6.8200002                      -6.6109857
               6.8260002                      -6.3277923
               6.8319998                      -6.0145262
               6.8379998                      -5.6810043
               6.8439999                      -5.3367183
               6.8499999                       -4.990344
               6.8559999                      -4.6494774
                   6.862                      -4.3205651
                   6.868                      -4.0089387
               6.8740001                       -3.718926
               6.8800001                      -3.4539868
               6.8860002                      -3.2168637
               6.8920002                      -3.0097092
               6.8979998                      -2.8342236
               6.9039998                      -2.6917476
               6.9099998                      -2.5833691
               6.9159999                      -2.5099975
               6.9219999                      -2.4724385
                   6.928                      -2.4714616
                   6.934                      -2.5078565
               6.9400001                      -2.5824886
               6.9460001                      -2.6963561
               6.9520001                      -2.8506414
               6.9580002                      -3.0467615
               6.9640002                      -3.2864188
               6.9699998                      -3.5716533
               6.9759998                      -3.9048824
               6.9819999                      -4.2889384
               6.9879999                      -4.7270656
                   6.994                      -5.2228846
                       7                      -5.7802233

